Zipcode,Male Public,Male Private,Female Public,Female Private,Total Public,Total Private,Private Ratio
53001,58,0,27,4,85,4,0.04494382
53002,56,13,47,2,103,15,0.127118644
53003,19,0,5,0,24,0,0
53004,95,10,119,4,214,14,0.061403509
53005,538,176,319,151,857,327,0.276182432
53006,54,4,50,7,104,11,0.095652174
53007,41,0,12,10,53,10,0.158730159
53010,155,17,204,24,359,41,0.1025
53011,48,16,96,6,144,22,0.13253012
53012,648,83,513,80,1161,163,0.123111782
53013,81,0,115,12,196,12,0.057692308
53014,170,8,286,5,456,13,0.02771855
53015,49,23,51,12,100,35,0.259259259
53016,10,1,1,0,11,1,0.083333333
53017,177,43,95,35,272,78,0.222857143
53018,333,55,180,47,513,102,0.165853659
53019,69,24,38,11,107,35,0.246478873
53020,122,2,152,2,274,4,0.014388489
53021,85,18,124,15,209,33,0.136363636
53022,532,31,581,37,1113,68,0.057578323
53023,153,3,32,10,185,13,0.065656566
53024,363,52,356,47,719,99,0.121026895
53027,627,50,521,73,1148,123,0.096774194
53029,649,91,945,84,1594,175,0.098925947
53032,96,0,159,0,255,0,0
53033,102,39,91,30,193,69,0.263358779
53034,13,0,44,10,57,10,0.149253731
53035,52,12,42,16,94,28,0.229508197
53036,77,32,75,0,152,32,0.173913043
53037,208,80,233,80,441,160,0.266222962
53038,95,8,112,5,207,13,0.059090909
53039,104,15,161,17,265,32,0.107744108
53040,124,22,277,11,401,33,0.076036866
53042,153,11,171,34,324,45,0.12195122
53044,97,4,100,21,197,25,0.112612613
53045,578,145,530,175,1108,320,0.224089636
53046,30,4,19,0,49,4,0.075471698
53048,74,0,91,4,165,4,0.023668639
53049,46,0,75,3,121,3,0.024193548
53050,277,7,200,7,477,14,0.028513238
53051,1041,110,967,140,2008,250,0.110717449
53057,46,5,18,5,64,10,0.135135135
53058,88,13,71,5,159,18,0.101694915
53059,44,8,36,0,80,8,0.090909091
53061,176,8,107,4,283,12,0.040677966
53063,34,6,36,6,70,12,0.146341463
53065,71,22,39,2,110,24,0.179104478
53066,855,161,1081,109,1936,270,0.122393472
53069,12,0,17,0,29,0,0
53070,140,17,139,20,279,37,0.117088608
53072,590,64,701,120,1291,184,0.124745763
53073,404,26,279,54,683,80,0.104849279
53074,309,12,373,0,682,12,0.017291066
53075,136,7,75,6,211,13,0.058035714
53076,88,20,127,20,215,40,0.156862745
53078,29,9,39,22,68,31,0.313131313
53079,20,2,23,0,43,2,0.044444444
53080,199,15,83,22,282,37,0.115987461
53081,1004,79,958,85,1962,164,0.077140169
53083,566,92,607,12,1173,104,0.081440877
53085,321,13,219,14,540,27,0.047619048
53086,217,0,260,10,477,10,0.020533881
53088,16,0,9,5,25,5,0.166666667
53089,485,69,550,30,1035,99,0.087301587
53090,559,39,411,36,970,75,0.071770335
53091,47,0,28,0,75,0,0
53092,527,133,687,158,1214,291,0.193355482
53093,49,8,35,18,84,26,0.236363636
53094,501,22,465,67,966,89,0.08436019
53095,912,133,528,131,1440,264,0.154929577
53097,66,15,190,28,256,43,0.143812709
53098,174,29,256,16,430,45,0.094736842
53103,89,10,88,8,177,18,0.092307692
53104,165,4,93,28,258,32,0.110344828
53105,664,63,687,100,1351,163,0.107661823
53108,64,34,13,0,77,34,0.306306306
53110,414,20,334,0,748,20,0.026041667
53114,85,23,87,21,172,44,0.203703704
53115,500,25,324,8,824,33,0.038506418
53118,193,10,250,0,443,10,0.022075055
53119,218,5,92,0,310,5,0.015873016
53120,241,15,257,11,498,26,0.049618321
53121,572,13,471,20,1043,33,0.030669145
53122,103,39,147,49,250,88,0.26035503
53125,48,4,37,7,85,11,0.114583333
53126,321,59,165,112,486,171,0.260273973
53128,377,50,274,4,651,54,0.076595745
53129,199,35,269,107,468,142,0.232786885
53130,313,17,130,38,443,55,0.110441767
53132,747,96,894,189,1641,285,0.147975078
53137,43,0,57,0,100,0,0
53139,23,3,59,8,82,11,0.11827957
53140,593,7,712,36,1305,43,0.03189911
53142,980,57,675,21,1655,78,0.045008656
53143,738,49,675,34,1413,83,0.055481283
53144,902,20,794,23,1696,43,0.024726855
53146,151,41,94,23,245,64,0.207119741
53147,319,39,401,0,720,39,0.051383399
53149,561,30,620,18,1181,48,0.039056143
53150,716,104,596,35,1312,139,0.095796003
53151,496,208,602,35,1098,243,0.181208054
53153,65,0,71,0,136,0,0
53154,665,96,695,78,1360,174,0.113428944
53156,104,9,106,8,210,17,0.074889868
53158,422,34,594,46,1016,80,0.072992701
53167,27,0,0,0,27,0,0
53168,285,17,295,43,580,60,0.09375
53170,100,1,56,5,156,6,0.037037037
53172,506,27,464,35,970,62,0.060077519
53177,305,31,198,23,503,54,0.096947935
53178,52,0,32,4,84,4,0.045454545
53179,329,0,256,0,585,0,0
53181,216,0,182,5,398,5,0.012406948
53182,237,2,322,37,559,39,0.065217391
53183,38,4,69,26,107,30,0.218978102
53184,150,0,149,0,299,0,0
53185,585,76,575,56,1160,132,0.102167183
53186,635,100,531,148,1166,248,0.175388967
53188,691,99,849,15,1540,114,0.068923821
53189,774,129,798,119,1572,248,0.136263736
53190,285,25,288,10,573,35,0.057565789
53191,78,6,49,0,127,6,0.045112782
53195,0,0,7,0,7,0,0
53202,12,0,19,29,31,29,0.483333333
53203,20,0,6,0,26,0,0
53204,1131,328,814,249,1945,577,0.228786677
53205,329,33,426,28,755,61,0.074754902
53206,810,74,629,136,1439,210,0.127349909
53207,454,126,637,83,1091,209,0.160769231
53208,768,214,677,108,1445,322,0.182229768
53209,1287,378,1280,339,2567,717,0.218331303
53210,1035,152,1073,151,2108,303,0.125673994
53211,400,72,522,80,922,152,0.141527002
53212,753,109,746,178,1499,287,0.160694289
53213,442,194,369,101,811,295,0.266726944
53214,622,41,633,37,1255,78,0.058514629
53215,1757,384,1627,622,3384,1006,0.229157175
53216,926,155,1007,339,1933,494,0.203543469
53217,653,128,709,124,1362,252,0.156133829
53218,1593,154,1452,231,3045,385,0.112244898
53219,653,93,513,47,1166,140,0.10719755
53220,454,126,339,79,793,205,0.205410822
53221,1073,159,875,122,1948,281,0.1260655
53222,583,97,450,128,1033,225,0.178855326
53223,628,63,665,67,1293,130,0.09135629
53224,704,114,684,60,1388,174,0.111395647
53225,481,167,530,144,1011,311,0.235249622
53226,354,105,192,38,546,143,0.20754717
53227,372,42,412,32,784,74,0.086247086
53228,319,39,178,37,497,76,0.132635253
53233,92,0,83,7,175,7,0.038461538
53235,109,14,112,10,221,24,0.097959184
53402,781,172,832,149,1613,321,0.165977249
53403,591,154,678,133,1269,287,0.184447301
53404,657,33,470,7,1127,40,0.034275921
53405,448,114,556,140,1004,254,0.20190779
53406,559,95,611,31,1170,126,0.097222222
53501,68,0,0,0,68,0,0
53502,65,0,60,6,125,6,0.045801527
53503,37,0,45,0,82,0,0
53504,32,0,74,0,106,0,0
53505,10,2,14,2,24,4,0.142857143
53506,30,3,15,0,45,3,0.0625
53507,72,0,65,0,137,0,0
53508,115,20,118,23,233,43,0.155797101
53510,39,12,30,0,69,12,0.148148148
53511,1458,35,1200,43,2658,78,0.028508772
53515,58,1,29,1,87,2,0.02247191
53516,72,4,58,3,130,7,0.051094891
53517,36,2,52,2,88,4,0.043478261
53518,33,6,46,6,79,12,0.131868132
53520,148,4,200,6,348,10,0.027932961
53521,115,0,81,0,196,0,0
53522,28,0,5,4,33,4,0.108108108
53523,201,4,94,0,295,4,0.013377926
53525,131,6,243,8,374,14,0.036082474
53526,9,0,18,0,27,0,0
53527,351,5,366,9,717,14,0.019151847
53528,149,10,157,7,306,17,0.052631579
53529,46,4,24,0,70,4,0.054054054
53530,72,8,126,5,198,13,0.061611374
53531,132,4,127,4,259,8,0.029962547
53532,326,3,454,43,780,46,0.055690073
53533,179,4,222,0,401,4,0.009876543
53534,281,60,259,39,540,99,0.154929577
53536,225,15,185,4,410,19,0.044289044
53537,12,0,5,0,17,0,0
53538,493,39,576,22,1069,61,0.053982301
53540,2,0,6,0,8,0,0
53541,16,3,19,2,35,5,0.125
53543,34,3,53,3,87,6,0.064516129
53544,18,0,12,0,30,0,0
53545,611,16,345,23,956,39,0.03919598
53546,799,26,971,61,1770,87,0.046849758
53548,599,19,762,20,1361,39,0.027857143
53549,236,28,291,11,527,39,0.068904594
53550,24,3,39,0,63,3,0.045454545
53551,167,43,188,2,355,45,0.1125
53553,21,0,17,0,38,0,0
53554,23,0,22,0,45,0,0
53555,329,0,271,2,600,2,0.003322259
53556,84,0,86,2,170,2,0.011627907
53557,4,1,11,0,15,1,0.0625
53558,449,0,238,24,687,24,0.033755274
53559,187,5,204,2,391,7,0.01758794
53560,70,13,65,10,135,23,0.14556962
53561,22,0,25,0,47,0,0
53562,779,22,717,11,1496,33,0.021582734
53563,318,10,372,12,690,22,0.030898876
53565,109,0,143,2,252,2,0.007874016
53566,372,4,399,19,771,23,0.028967254
53569,51,0,44,0,95,0,0
53570,51,6,70,0,121,6,0.047244094
53571,0,0,52,0,52,0,0
53572,433,0,264,2,697,2,0.00286123
53573,92,0,48,0,140,0,0
53574,119,11,81,4,200,15,0.069767442
53575,442,9,393,29,835,38,0.043528064
53576,81,0,72,0,153,0,0
53577,47,1,30,0,77,1,0.012820513
53578,201,0,174,0,375,0,0
53579,34,2,54,2,88,4,0.043478261
53580,15,0,15,1,30,1,0.032258065
53581,201,31,174,43,375,74,0.16481069
53582,49,0,50,0,99,0,0
53583,130,0,139,0,269,0,0
53585,62,8,64,7,126,15,0.106382979
53586,58,2,51,5,109,7,0.060344828
53587,56,0,17,0,73,0,0
53588,109,0,90,10,199,10,0.04784689
53589,494,85,232,63,726,148,0.169336384
53590,1163,59,1255,44,2418,103,0.040856803
53593,787,16,705,50,1492,66,0.042362003
53594,84,0,99,8,183,8,0.041884817
53597,724,23,557,17,1281,40,0.030280091
53598,39,0,108,0,147,0,0
53703,185,0,71,0,256,0,0
53704,828,74,775,80,1603,154,0.087649402
53705,264,16,455,49,719,65,0.082908163
53711,693,156,1013,57,1706,213,0.11099531
53713,694,9,428,10,1122,19,0.01665206
53714,278,20,220,17,498,37,0.069158879
53715,104,0,52,5,156,5,0.031055901
53716,483,0,313,17,796,17,0.020910209
53717,273,102,225,20,498,122,0.196774194
53718,152,0,123,35,275,35,0.112903226
53719,717,67,732,19,1449,86,0.056026059
53726,75,0,144,0,219,0,0
53801,43,0,21,0,64,0,0
53803,52,3,40,0,92,3,0.031578947
53804,21,0,34,0,55,0,0
53805,104,16,104,4,208,20,0.087719298
53806,64,2,57,0,121,2,0.016260163
53807,111,1,101,2,212,3,0.013953488
53808,31,0,11,0,42,0,0
53809,103,6,128,4,231,10,0.041493776
53810,9,0,19,0,28,0,0
53811,56,0,97,0,153,0,0
53813,188,10,124,6,312,16,0.048780488
53816,31,0,34,0,65,0,0
53817,1,0,1,0,2,0,0
53818,234,30,253,8,487,38,0.072380952
53820,71,2,63,3,134,5,0.035971223
53821,281,7,265,10,546,17,0.030195382
53825,12,0,12,0,24,0,0
53826,29,4,30,0,59,4,0.063492063
53827,9,0,15,0,24,0,0
53901,576,31,371,3,947,34,0.034658512
53910,76,0,15,17,91,17,0.157407407
53911,40,1,47,0,87,1,0.011363636
53913,527,43,485,12,1012,55,0.051546392
53916,679,20,651,39,1330,59,0.042476602
53919,61,7,77,5,138,12,0.08
53920,3,0,14,0,17,0,0
53922,24,3,19,4,43,7,0.14
53923,43,2,41,5,84,7,0.076923077
53924,27,0,18,0,45,0,0
53925,162,11,297,22,459,33,0.067073171
53926,46,1,22,2,68,3,0.042253521
53928,6,0,3,0,9,0,0
53929,45,4,61,6,106,10,0.086206897
53930,37,11,36,12,73,23,0.239583333
53931,3,0,10,0,13,0,0
53932,99,3,78,3,177,6,0.032786885
53933,101,5,82,9,183,14,0.07106599
53934,117,0,108,0,225,0,0
53935,12,0,7,1,19,1,0.05
53936,18,5,44,0,62,5,0.074626866
53937,25,7,21,2,46,9,0.163636364
53939,6,0,2,1,8,1,0.111111111
53941,86,3,63,4,149,7,0.044871795
53943,15,0,36,0,51,0,0
53944,70,0,25,0,95,0,0
53946,98,15,115,4,213,19,0.081896552
53948,150,20,205,10,355,30,0.077922078
53949,112,21,89,8,201,29,0.126086957
53950,128,53,114,0,242,53,0.179661017
53951,86,3,55,2,141,5,0.034246575
53952,86,0,49,6,135,6,0.042553191
53953,12,0,0,0,12,0,0
53954,153,8,164,8,317,16,0.048048048
53955,111,0,97,4,208,4,0.018867925
53956,63,24,77,24,140,48,0.255319149
53959,343,10,452,22,795,32,0.038694075
53960,60,2,91,7,151,9,0.05625
53961,20,0,13,0,33,0,0
53963,271,49,378,11,649,60,0.084626234
53964,76,0,83,3,159,3,0.018518519
53965,164,6,179,29,343,35,0.092592593
53968,54,0,38,0,92,0,0
53969,6,0,0,0,6,0,0
54001,204,5,217,4,421,9,0.020930233
54002,132,3,211,5,343,8,0.022792023
54003,49,0,17,0,66,0,0
54004,38,6,51,2,89,8,0.082474227
54005,87,3,79,1,166,4,0.023529412
54006,5,0,15,0,20,0,0
54007,36,0,23,0,59,0,0
54009,67,10,85,11,152,21,0.121387283
54011,210,2,181,15,391,17,0.041666667
54013,145,0,103,5,248,5,0.019762846
54014,54,0,52,0,106,0,0
54015,67,10,122,0,189,10,0.050251256
54016,627,138,986,48,1613,186,0.103390773
54017,616,78,503,22,1119,100,0.082034454
54020,235,12,252,13,487,25,0.048828125
54021,167,7,185,2,352,9,0.024930748
54022,426,29,362,5,788,34,0.04136253
54023,109,4,115,3,224,7,0.03030303
54024,111,8,95,13,206,21,0.092511013
54025,213,33,243,37,456,70,0.133079848
54026,100,16,73,0,173,16,0.084656085
54027,31,1,20,0,51,1,0.019230769
54028,42,3,77,6,119,9,0.0703125
54082,59,19,19,0,78,19,0.195876289
54101,54,3,63,0,117,3,0.025
54102,7,0,16,0,23,0,0
54103,4,0,2,0,6,0,0
54104,16,2,24,2,40,4,0.090909091
54106,209,14,177,0,386,14,0.035
54107,112,3,95,2,207,5,0.023584906
54110,164,2,218,2,382,4,0.010362694
54111,68,0,47,0,115,0,0
54112,33,2,42,4,75,6,0.074074074
54113,42,0,176,0,218,0,0
54114,155,3,90,35,245,38,0.134275618
54115,1374,151,989,32,2363,183,0.071877455
54119,15,2,5,0,20,2,0.090909091
54120,8,0,2,0,10,0,0
54121,120,0,46,1,166,1,0.005988024
54123,11,0,5,0,16,0,0
54124,76,2,47,0,123,2,0.016
54125,8,0,0,0,8,0,0
54126,124,10,95,6,219,16,0.068085106
54127,12,0,0,0,12,0,0
54128,32,0,38,3,70,3,0.04109589
54129,60,5,83,0,143,5,0.033783784
54130,707,66,618,37,1325,103,0.072128852
54135,187,6,132,0,319,6,0.018461538
54136,147,13,102,0,249,13,0.049618321
54137,25,0,21,11,46,11,0.192982456
54138,32,4,4,0,36,4,0.1
54139,87,4,79,3,166,7,0.040462428
54140,139,0,201,0,340,0,0
54141,77,0,67,0,144,0,0
54143,388,0,412,12,800,12,0.014778325
54149,16,2,28,3,44,5,0.102040816
54150,87,0,5,0,92,0,0
54151,67,6,74,14,141,20,0.124223602
54153,162,0,211,0,373,0,0
54154,181,0,125,2,306,2,0.006493506
54155,146,0,157,53,303,53,0.148876404
54156,25,3,35,2,60,5,0.076923077
54157,195,0,96,0,291,0,0
54159,32,0,8,0,40,0,0
54160,6,0,13,4,19,4,0.173913043
54161,38,10,99,2,137,12,0.080536913
54162,188,9,267,14,455,23,0.048117155
54165,192,10,256,4,448,14,0.03030303
54166,481,7,358,18,839,25,0.028935185
54169,64,19,99,12,163,31,0.159793814
54170,75,9,90,9,165,18,0.098360656
54171,87,0,126,0,213,0,0
54173,115,0,149,0,264,0,0
54174,75,0,62,8,137,8,0.055172414
54175,0,3,8,0,8,3,0.272727273
54177,81,4,75,0,156,4,0.025
54180,120,13,136,9,256,22,0.079136691
54201,190,17,160,0,350,17,0.046321526
54202,5,4,19,0,24,4,0.142857143
54204,65,8,61,0,126,8,0.059701493
54205,61,3,36,8,97,11,0.101851852
54207,0,0,1,0,1,0,0
54208,263,8,197,16,460,24,0.049586777
54209,23,4,22,0,45,4,0.081632653
54210,32,8,14,14,46,22,0.323529412
54211,6,0,3,0,9,0,0
54212,57,0,12,3,69,3,0.041666667
54213,36,0,55,1,91,1,0.010869565
54214,9,0,7,0,16,0,0
54216,103,0,168,0,271,0,0
54217,220,5,211,0,431,5,0.01146789
54220,821,134,982,128,1803,262,0.126876513
54227,65,4,46,0,111,4,0.034782609
54228,58,21,62,0,120,21,0.14893617
54229,105,0,121,0,226,0,0
54230,96,7,118,13,214,20,0.085470085
54232,23,0,22,2,45,2,0.042553191
54234,0,0,3,0,3,0,0
54235,304,16,390,14,694,30,0.041436464
54241,333,34,229,43,562,77,0.120500782
54245,79,2,66,0,145,2,0.013605442
54246,12,0,5,0,17,0,0
54247,63,2,78,11,141,13,0.084415584
54301,361,89,450,77,811,166,0.169907881
54302,799,77,816,19,1615,96,0.056107539
54303,1022,25,858,19,1880,44,0.022869023
54304,636,59,612,40,1248,99,0.073496659
54311,673,85,624,77,1297,162,0.111034955
54313,1142,52,1208,51,2350,103,0.041989401
54401,610,53,553,54,1163,107,0.084251969
54403,891,48,669,53,1560,101,0.060806743
54405,66,3,74,19,140,22,0.135802469
54406,77,0,76,0,153,0,0
54407,47,0,34,2,81,2,0.024096386
54408,24,3,20,2,44,5,0.102040816
54409,333,26,237,36,570,62,0.098101266
54410,60,11,62,3,122,14,0.102941176
54411,154,11,132,12,286,23,0.074433657
54412,52,0,34,5,86,5,0.054945055
54413,0,0,1,0,1,0,0
54414,61,0,66,18,127,18,0.124137931
54416,53,0,43,2,96,2,0.020408163
54418,12,6,30,12,42,18,0.3
54420,31,2,29,12,60,14,0.189189189
54421,72,11,51,2,123,13,0.095588235
54422,29,0,19,4,48,4,0.076923077
54423,95,7,71,5,166,12,0.06741573
54424,34,0,45,0,79,0,0
54425,76,0,66,0,142,0,0
54426,147,2,124,5,271,7,0.025179856
54427,11,0,11,2,22,2,0.083333333
54428,22,0,18,13,40,13,0.245283019
54430,2,0,5,0,7,0,0
54433,32,3,38,3,70,6,0.078947368
54435,43,6,42,0,85,6,0.065934066
54436,35,3,42,3,77,6,0.072289157
54437,104,2,50,2,154,4,0.025316456
54440,81,0,87,4,168,4,0.023255814
54441,31,0,27,0,58,0,0
54442,110,2,58,0,168,2,0.011764706
54443,56,2,90,5,146,7,0.045751634
54446,74,0,56,3,130,3,0.022556391
54447,17,0,8,0,25,0,0
54448,129,0,100,9,229,9,0.037815126
54449,747,58,562,94,1309,152,0.10403833
54450,11,0,8,0,19,0,0
54451,320,11,253,55,573,66,0.103286385
54452,514,3,443,26,957,29,0.029411765
54454,37,0,26,0,63,0,0
54455,435,16,461,16,896,32,0.034482759
54456,122,5,149,3,271,8,0.028673835
54457,241,6,195,4,436,10,0.022421525
54458,2,0,8,0,10,0,0
54459,29,0,28,4,57,4,0.06557377
54460,30,0,30,2,60,2,0.032258065
54462,9,0,3,0,12,0,0
54463,20,2,7,0,27,2,0.068965517
54465,6,0,2,0,8,0,0
54466,71,4,57,11,128,15,0.104895105
54467,342,26,256,29,598,55,0.084226646
54469,56,0,41,0,97,0,0
54470,55,4,48,7,103,11,0.096491228
54471,20,7,51,0,71,7,0.08974359
54473,111,2,79,2,190,4,0.020618557
54474,85,11,66,0,151,11,0.067901235
54475,52,0,18,3,70,3,0.04109589
54476,394,18,578,20,972,38,0.037623762
54479,144,14,112,7,256,21,0.075812274
54480,46,0,28,0,74,0,0
54481,491,37,448,78,939,115,0.109108159
54482,229,18,89,24,318,42,0.116666667
54484,189,11,149,6,338,17,0.047887324
54485,4,0,0,0,4,0,0
54486,50,2,39,10,89,12,0.118811881
54487,180,14,182,14,362,28,0.071794872
54488,26,6,17,7,43,13,0.232142857
54489,38,2,42,5,80,7,0.08045977
54490,14,2,26,3,40,5,0.111111111
54491,30,0,33,0,63,0,0
54493,10,0,18,0,28,0,0
54494,698,9,602,20,1300,29,0.021820918
54495,103,4,134,1,237,5,0.020661157
54498,28,2,43,5,71,7,0.08974359
54499,43,4,133,0,176,4,0.022222222
54501,588,43,520,4,1108,47,0.040692641
54511,37,2,15,0,52,2,0.037037037
54512,25,0,24,0,49,0,0
54513,10,0,11,0,21,0,0
54514,36,0,21,4,57,4,0.06557377
54515,12,0,19,4,31,4,0.114285714
54519,25,0,25,0,50,0,0
54520,174,0,96,0,270,0,0
54521,189,6,178,0,367,6,0.016085791
54524,25,0,23,0,48,0,0
54525,10,0,8,0,18,0,0
54526,29,6,21,5,50,11,0.180327869
54527,37,6,26,14,63,20,0.240963855
54529,26,0,29,0,55,0,0
54530,25,0,9,0,34,0,0
54531,20,0,27,0,47,0,0
54534,29,0,33,0,62,0,0
54536,0,0,7,0,7,0,0
54537,13,1,13,0,26,1,0.037037037
54538,26,0,47,0,73,0,0
54539,10,2,8,0,18,2,0.1
54540,22,0,30,0,52,0,0
54541,26,23,37,17,63,40,0.388349515
54542,3,0,0,4,3,4,0.571428571
54545,20,0,7,2,27,2,0.068965517
54546,22,0,23,0,45,0,0
54547,28,0,27,0,55,0,0
54548,67,0,43,0,110,0,0
54550,10,2,19,0,29,2,0.064516129
54552,79,1,89,0,168,1,0.00591716
54554,10,0,13,4,23,4,0.148148148
54555,124,0,73,8,197,8,0.03902439
54556,29,0,40,3,69,3,0.041666667
54557,18,0,12,0,30,0,0
54558,13,0,5,0,18,0,0
54559,20,0,7,1,27,1,0.035714286
54560,7,0,3,0,10,0,0
54562,15,0,30,0,45,0,0
54563,21,2,8,0,29,2,0.064516129
54564,8,0,3,0,11,0,0
54565,0,0,1,0,1,0,0
54566,31,0,38,2,69,2,0.028169014
54568,55,0,99,0,154,0,0
54601,787,130,653,174,1440,304,0.174311927
54603,319,14,158,0,477,14,0.028513238
54610,31,0,33,0,64,0,0
54611,35,0,23,0,58,0,0
54612,162,0,121,1,283,1,0.003521127
54613,31,0,21,0,52,0,0
54614,100,2,47,7,147,9,0.057692308
54615,289,34,294,6,583,40,0.064205457
54616,30,0,43,0,73,0,0
54618,74,3,78,3,152,6,0.037974684
54619,75,5,90,9,165,14,0.078212291
54621,27,1,43,0,70,1,0.014084507
54622,81,0,36,0,117,0,0
54623,88,3,40,5,128,8,0.058823529
54624,64,0,39,0,103,0,0
54625,10,0,7,0,17,0,0
54626,32,0,36,0,68,0,0
54627,90,3,45,0,135,3,0.02173913
54628,13,0,21,3,34,3,0.081081081
54629,83,13,68,6,151,19,0.111764706
54630,130,4,110,4,240,8,0.032258065
54631,28,0,54,4,82,4,0.046511628
54632,31,0,32,0,63,0,0
54634,98,39,86,23,184,62,0.25203252
54635,22,0,28,2,50,2,0.038461538
54636,449,37,546,24,995,61,0.057765152
54637,3,0,6,0,9,0,0
54638,53,5,31,3,84,8,0.086956522
54639,78,5,42,11,120,16,0.117647059
54642,39,1,50,1,89,2,0.021978022
54644,26,0,66,0,92,0,0
54645,4,0,5,0,9,0,0
54646,117,9,100,14,217,23,0.095833333
54648,30,2,63,4,93,6,0.060606061
54650,638,22,665,24,1303,46,0.034099333
54651,46,4,24,2,70,6,0.078947368
54652,40,6,27,0,67,6,0.082191781
54653,20,22,16,14,36,36,0.5
54655,33,3,31,0,64,3,0.044776119
54656,446,33,402,54,848,87,0.093048128
54657,7,3,6,0,13,3,0.1875
54658,60,12,63,15,123,27,0.18
54659,16,11,28,0,44,11,0.2
54660,368,21,373,12,741,33,0.042635659
54661,90,2,94,5,184,7,0.036649215
54664,39,3,101,0,140,3,0.020979021
54665,117,16,67,116,184,132,0.417721519
54666,68,4,47,4,115,8,0.06504065
54667,55,8,79,4,134,12,0.082191781
54669,164,0,200,9,364,9,0.024128686
54670,48,1,36,2,84,3,0.034482759
54701,759,80,960,40,1719,120,0.065252855
54703,684,69,936,73,1620,142,0.080590238
54720,145,26,90,0,235,26,0.099616858
54721,48,5,35,0,83,5,0.056818182
54722,95,20,73,10,168,30,0.151515152
54723,24,1,25,0,49,1,0.02
54724,177,4,179,5,356,9,0.024657534
54725,42,9,58,5,100,14,0.122807018
54726,44,0,43,8,87,8,0.084210526
54727,140,6,87,13,227,19,0.077235772
54728,160,11,98,20,258,31,0.107266436
54729,924,79,863,60,1787,139,0.072170301
54730,120,1,101,13,221,14,0.059574468
54731,13,1,25,7,38,8,0.173913043
54732,79,2,96,0,175,2,0.011299435
54733,11,1,14,0,25,1,0.038461538
54734,33,0,49,2,82,2,0.023809524
54736,93,0,83,2,176,2,0.011235955
54737,15,0,14,0,29,0,0
54738,93,0,88,15,181,15,0.076530612
54739,175,4,143,3,318,7,0.021538462
54740,45,2,27,1,72,3,0.04
54741,34,0,43,0,77,0,0
54742,186,22,116,11,302,33,0.098507463
54745,36,4,30,4,66,8,0.108108108
54746,14,0,37,0,51,0,0
54747,58,1,52,6,110,7,0.05982906
54748,15,0,50,0,65,0,0
54749,33,5,29,7,62,12,0.162162162
54750,13,0,16,1,29,1,0.033333333
54751,459,27,431,15,890,42,0.045064378
54754,41,7,26,0,67,7,0.094594595
54755,171,19,176,5,347,24,0.064690027
54756,23,0,23,0,46,0,0
54757,91,4,53,2,144,6,0.04
54758,123,10,90,7,213,17,0.073913043
54759,37,0,35,0,72,0,0
54760,1,0,5,0,6,0,0
54761,35,0,32,0,67,0,0
54762,23,0,47,16,70,16,0.186046512
54763,29,2,27,0,56,2,0.034482759
54766,40,8,38,4,78,12,0.133333333
54767,165,14,106,2,271,16,0.055749129
54768,248,4,128,1,376,5,0.01312336
54769,27,0,9,0,36,0,0
54770,71,0,52,13,123,13,0.095588235
54771,123,13,77,3,200,16,0.074074074
54772,19,0,14,0,33,0,0
54773,79,2,117,2,196,4,0.02
54801,155,26,118,2,273,28,0.093023256
54805,26,2,26,0,52,2,0.037037037
54806,349,3,267,22,616,25,0.03900156
54810,9,0,40,3,49,3,0.057692308
54812,134,2,118,15,252,17,0.063197026
54813,12,0,3,0,15,0,0
54814,60,1,67,7,127,8,0.059259259
54817,28,3,19,6,47,9,0.160714286
54819,60,6,64,4,124,10,0.074626866
54820,23,0,19,4,42,4,0.086956522
54821,32,0,8,3,40,3,0.069767442
54822,67,0,138,9,205,9,0.042056075
54824,52,3,27,4,79,7,0.081395349
54826,17,0,13,0,30,0,0
54827,0,0,0,4,0,4,1
54828,1,0,4,2,5,2,0.285714286
54829,123,3,63,4,186,7,0.03626943
54830,28,6,39,4,67,10,0.12987013
54832,12,2,6,0,18,2,0.1
54835,20,9,25,2,45,11,0.196428571
54836,51,0,10,0,61,0,0
54837,79,8,49,6,128,14,0.098591549
54838,11,2,33,2,44,4,0.083333333
54839,7,0,2,0,9,0,0
54840,147,7,98,12,245,19,0.071969697
54841,7,0,6,0,13,0,0
54842,8,0,9,0,17,0,0
54843,323,2,270,12,593,14,0.02306425
54844,2,1,6,0,8,1,0.111111111
54845,1,0,6,0,7,0,0
54846,7,0,8,0,15,0,0
54847,56,4,68,7,124,11,0.081481481
54848,105,17,135,11,240,28,0.104477612
54849,24,5,58,5,82,10,0.108695652
54850,0,0,3,0,3,0,0
54853,103,16,64,8,167,24,0.12565445
54854,23,3,41,2,64,5,0.072463768
54855,42,6,37,2,79,8,0.091954023
54856,44,2,40,1,84,3,0.034482759
54858,26,0,30,0,56,0,0
54859,31,7,45,2,76,9,0.105882353
54862,14,0,0,0,14,0,0
54864,27,0,26,0,53,0,0
54865,6,0,10,0,16,0,0
54868,417,0,247,24,664,24,0.034883721
54870,19,0,18,0,37,0,0
54871,63,7,96,16,159,23,0.126373626
54872,52,3,59,7,111,10,0.082644628
54873,51,0,42,0,93,0,0
54874,112,12,99,6,211,18,0.07860262
54875,10,2,30,6,40,8,0.166666667
54876,18,12,23,4,41,16,0.280701754
54880,593,65,596,17,1189,82,0.064516129
54888,19,0,31,0,50,0,0
54889,56,0,44,9,100,9,0.082568807
54891,46,4,47,0,93,4,0.041237113
54893,59,9,77,7,136,16,0.105263158
54895,15,0,12,0,27,0,0
54896,33,0,26,0,59,0,0
54901,770,25,564,39,1334,64,0.045779685
54902,498,59,629,47,1127,106,0.085969181
54904,543,37,312,82,855,119,0.122176591
54909,74,2,94,5,168,7,0.04
54911,572,99,524,81,1096,180,0.141065831
54913,505,73,432,56,937,129,0.121013133
54914,606,77,874,103,1480,180,0.108433735
54915,1547,123,939,134,2486,257,0.093693037
54921,52,0,35,3,87,3,0.033333333
54922,40,0,24,3,64,3,0.044776119
54923,232,9,250,6,482,15,0.030181087
54927,8,0,10,0,18,0,0
54928,13,3,11,5,24,8,0.25
54929,176,0,147,7,323,7,0.021212121
54930,57,2,23,0,80,2,0.024390244
54931,0,0,0,5,0,5,1
54932,24,3,65,0,89,3,0.032608696
54933,9,0,2,0,11,0,0
54934,41,0,16,0,57,0,0
54935,727,195,862,150,1589,345,0.178386763
54937,472,84,454,147,926,231,0.199654278
54940,85,5,48,4,133,9,0.063380282
54941,26,2,44,0,70,2,0.027777778
54942,263,37,285,22,548,59,0.097199341
54943,34,0,43,0,77,0,0
54944,307,18,264,23,571,41,0.066993464
54945,107,10,94,7,201,17,0.077981651
54947,39,0,51,29,90,29,0.243697479
54948,14,0,19,0,33,0,0
54949,67,8,95,5,162,13,0.074285714
54950,49,2,77,9,126,11,0.080291971
54952,569,58,486,16,1055,74,0.06554473
54956,991,104,1053,133,2044,237,0.103901797
54960,57,4,52,4,109,8,0.068376068
54961,437,36,321,26,758,62,0.075609756
54962,38,0,36,4,74,4,0.051282051
54963,249,6,210,6,459,12,0.025477707
54964,24,7,65,4,89,11,0.11
54965,37,0,37,0,74,0,0
54966,75,2,60,2,135,4,0.028776978
54967,0,0,7,0,7,0,0
54968,86,21,56,0,142,21,0.128834356
54970,72,58,26,3,98,61,0.383647799
54971,325,0,245,2,570,2,0.003496503
54974,50,3,24,0,74,3,0.038961039
54977,70,0,28,0,98,0,0
54979,38,14,7,13,45,27,0.375
54980,0,0,6,0,6,0,0
54981,344,50,400,53,744,103,0.121605667
54982,115,7,186,3,301,10,0.032154341
54983,156,24,94,20,250,44,0.149659864
54984,27,14,68,2,95,16,0.144144144
54986,93,0,165,5,258,5,0.019011407
61072,296,26,450,46,746,72,0.08801956
61080,186,51,297,32,483,83,0.14664311
